 POSITION                                       TOTAL-FORCE (eV/Angst)
 -----------------------------------------------------------------------------------
      1.21350      0.15530      2.74208         0.002122     -0.005352      0.003572
      1.21350      2.31797      4.28910         0.002122      0.005352     -0.003572
      1.19137      2.62858      0.77351        -0.002122     -0.005352     -0.003572
      1.19137      4.79124      6.25768        -0.002122      0.005352      0.003572
      3.59625      4.79124      4.28910        -0.002122      0.005352     -0.003572
      3.59625      2.62858      2.74208        -0.002122     -0.005352      0.003572
      3.61838      2.31797      6.25768         0.002122      0.005352      0.003572
      3.61838      0.15530      0.77351         0.002122     -0.005352     -0.003572
      0.51499      0.50648      4.59943        -0.001979     -0.001076     -0.002277
      0.51499      1.96680      2.43175        -0.001979      0.001076      0.002277
      1.88988      2.97975      5.94735         0.001979     -0.001076      0.002277
      1.88988      4.44007      1.08384         0.001979      0.001076     -0.002277
      4.29476      4.44007      2.43175         0.001979      0.001076      0.002277
      4.29476      2.97975      4.59943         0.001979     -0.001076     -0.002277
      2.91987      1.96680      1.08384        -0.001979      0.001076     -0.002277
      2.91987      0.50648      5.94735        -0.001979     -0.001076      0.002277
      0.24139      1.23664      0.00000        -0.004921     -0.000000     -0.000000
      2.16348      3.70991      3.51559         0.004921     -0.000000     -0.000000
      4.56836      3.70991      0.00000         0.004921     -0.000000     -0.000000
      2.64627      1.23664      3.51559        -0.004921     -0.000000     -0.000000
 -----------------------------------------------------------------------------------
    total drift:                                0.001020     -0.000076     -0.000634
