 POSITION                                       TOTAL-FORCE (eV/Angst)
 -----------------------------------------------------------------------------------
      1.20986      0.15484      2.73386         0.000177      0.010484     -0.009580
      1.20986      2.31102      4.27625         0.000177     -0.010484      0.009580
      1.18780      2.62070      0.77119        -0.000177      0.010484      0.009580
      1.18780      4.77688      6.23892        -0.000177     -0.010484     -0.009580
      3.58547      4.77688      4.27625        -0.000177     -0.010484      0.009580
      3.58547      2.62070      2.73386        -0.000177      0.010484     -0.009580
      3.60753      2.31102      6.23892         0.000177     -0.010484     -0.009580
      3.60753      0.15484      0.77119         0.000177      0.010484      0.009580
      0.51345      0.50496      4.58565         0.003930      0.004360      0.005503
      0.51345      1.96090      2.42446         0.003930     -0.004360     -0.005503
      1.88422      2.97082      5.92952        -0.003930      0.004360     -0.005503
      1.88422      4.42676      1.08059        -0.003930     -0.004360      0.005503
      4.28189      4.42676      2.42446        -0.003930     -0.004360     -0.005503
      4.28189      2.97082      4.58565        -0.003930      0.004360      0.005503
      2.91112      1.96090      1.08059         0.003930     -0.004360      0.005503
      2.91112      0.50496      5.92952         0.003930      0.004360     -0.005503
      0.24067      1.23293      0.00000         0.006273      0.000000      0.000000
      2.15700      3.69879      3.50506        -0.006273      0.000000      0.000000
      4.55466      3.69879      0.00000        -0.006273      0.000000      0.000000
      2.63834      1.23293      3.50506         0.006273      0.000000      0.000000
 -----------------------------------------------------------------------------------
    total drift:                                0.001015     -0.000075     -0.000631
