 POSITION                                       TOTAL-FORCE (eV/Angst)
 -----------------------------------------------------------------------------------
      1.21229      0.15515      2.73934         0.000091     -0.000406      0.000002
      1.21229      2.31565      4.28482         0.000091      0.000406     -0.000002
      1.19018      2.62595      0.77274        -0.000091     -0.000406     -0.000002
      1.19018      4.78646      6.25142        -0.000091      0.000406      0.000002
      3.59266      4.78646      4.28482        -0.000091      0.000406     -0.000002
      3.59266      2.62595      2.73934        -0.000091     -0.000406      0.000002
      3.61476      2.31565      6.25142         0.000091      0.000406      0.000002
      3.61476      0.15515      0.77274         0.000091     -0.000406     -0.000002
      0.51448      0.50597      4.59484         0.000112      0.000466      0.000342
      0.51448      1.96483      2.42932         0.000112     -0.000466     -0.000342
      1.88799      2.97677      5.94140        -0.000112      0.000466     -0.000342
      1.88799      4.43564      1.08276        -0.000112     -0.000466      0.000342
      4.29047      4.43564      2.42932        -0.000112     -0.000466     -0.000342
      4.29047      2.97677      4.59484        -0.000112      0.000466      0.000342
      2.91695      1.96483      1.08276         0.000112     -0.000466      0.000342
      2.91695      0.50597      5.94140         0.000112      0.000466     -0.000342
      0.24115      1.23540      0.00000        -0.000595      0.000000      0.000000
      2.16132      3.70620      3.51208         0.000595     -0.000000      0.000000
      4.56379      3.70620      0.00000         0.000595     -0.000000      0.000000
      2.64362      1.23540      3.51208        -0.000595     -0.000000      0.000000
 -----------------------------------------------------------------------------------
    total drift:                                0.001018     -0.000076     -0.000633
