 POSITION                                       TOTAL-FORCE (eV/Angst)
      1.22216      0.15212      2.76788         0.004155      0.003317      0.008024
      1.22216      2.34058      4.32206         0.004155     -0.003317     -0.008024
      1.20130      2.64483      0.77709        -0.004155      0.003317     -0.008024
      1.20130      4.83328      6.31285        -0.004155     -0.003317      0.008024
      3.62477      4.83328      4.32206        -0.004155     -0.003317     -0.008024
      3.62477      2.64483      2.76788        -0.004155      0.003317      0.008024
      3.64563      2.34058      6.31285         0.004155     -0.003317      0.008024
      3.64563      0.15212      0.77709         0.004155      0.003317     -0.008024
      0.51872      0.50839      4.63684        -0.006049      0.003897      0.001354
      0.51872      1.98431      2.45311        -0.006049     -0.003897     -0.001354
      1.90474      3.00109      5.99808         0.006049      0.003897     -0.001354
      1.90474      4.47701      1.09187         0.006049     -0.003897      0.001354
      4.32821      4.47701      2.45311         0.006049     -0.003897     -0.001354
      4.32821      3.00109      4.63684         0.006049      0.003897      0.001354
      2.94219      1.98431      1.09187        -0.006049     -0.003897      0.001354
      2.94219      0.50839      5.99808        -0.006049      0.003897     -0.001354
      0.23946      1.24635      0.00000         0.003476     -0.000000      0.000000
      2.18401      3.73905      3.54497        -0.003476     -0.000000      0.000000
      4.60747      3.73905      0.00000        -0.003476     -0.000000      0.000000
      2.66292      1.24635      3.54497         0.003476      0.000000      0.000000
 -----------------------------------------------------------------------------------
    total drift:                                0.001031     -0.000077     -0.000641
 POSITION                                       TOTAL-FORCE (eV/Angst)
      1.20204      0.14975      2.72178        -0.003206      0.113878     -0.086840
      1.20204      2.30145      4.24910        -0.003206     -0.113878      0.086840
      1.18113      2.60095      0.76366         0.003206      0.113878      0.086840
      1.18113      4.75265      6.20721         0.003206     -0.113878     -0.086840
      3.56430      4.75265      4.24910         0.003206     -0.113878      0.086840
      3.56430      2.60095      2.72178         0.003206      0.113878     -0.086840
      3.58521      2.30145      6.20721        -0.003206     -0.113878     -0.086840
      3.58521      0.14975      0.76366        -0.003206      0.113878      0.086840
      0.50981      0.50011      4.55903         0.037460      0.037823      0.052361
      0.50981      1.95109      2.41185         0.037460     -0.037823     -0.052361
      1.87336      2.95131      5.89728        -0.037460      0.037823     -0.052361
      1.87336      4.40229      1.07359        -0.037460     -0.037823      0.052361
      4.25653      4.40229      2.41185        -0.037460     -0.037823     -0.052361
      4.25653      2.95131      4.55903        -0.037460      0.037823      0.052361
      2.89298      1.95109      1.07359         0.037460     -0.037823      0.052361
      2.89298      0.50011      5.89728         0.037460      0.037823     -0.052361
      0.23564      1.22560      0.00000         0.050862     -0.000000      0.000000
      2.14753      3.67680      3.48544        -0.050862     -0.000000     -0.000000
      4.53070      3.67680      0.00000        -0.050862     -0.000000     -0.000000
      2.61881      1.22560      3.48544         0.050862     -0.000000      0.000000
 -----------------------------------------------------------------------------------
    total drift:                                0.001005     -0.000074     -0.000626
 POSITION                                       TOTAL-FORCE (eV/Angst)
      1.21310      0.15105      2.74711         0.006563      0.050328     -0.036777
      1.21310      2.32296      4.28920         0.006563     -0.050328      0.036777
      1.19222      2.62506      0.77105        -0.006563      0.050328      0.036777
      1.19222      4.79697      6.26527        -0.006563     -0.050328     -0.036777
      3.59754      4.79697      4.28920        -0.006563     -0.050328      0.036777
      3.59754      2.62506      2.74711        -0.006563      0.050328     -0.036777
      3.61842      2.32296      6.26527         0.006563     -0.050328     -0.036777
      3.61842      0.15105      0.77105         0.006563      0.050328      0.036777
      0.51471      0.50466      4.60179         0.013053      0.018920      0.022158
      0.51471      1.96935      2.43452         0.013053     -0.018920     -0.022158
      1.89061      2.97867      5.95268        -0.013053      0.018920     -0.022158
      1.89061      4.44336      1.08364        -0.013053     -0.018920      0.022158
      4.29592      4.44336      2.43452        -0.013053     -0.018920     -0.022158
      4.29592      2.97867      4.60179        -0.013053      0.018920      0.022158
      2.92003      1.96935      1.08364         0.013053     -0.018920      0.022158
      2.92003      0.50466      5.95268         0.013053      0.018920     -0.022158
      0.23774      1.23701      0.00000         0.025637      0.000000     -0.000000
      2.16758      3.71102      3.51816        -0.025637      0.000000     -0.000000
      4.57290      3.71102      0.00000        -0.025637      0.000000     -0.000000
      2.64306      1.23701      3.51816         0.025637      0.000000     -0.000000
 -----------------------------------------------------------------------------------
    total drift:                                0.001020     -0.000075     -0.000634
 POSITION                                       TOTAL-FORCE (eV/Angst)
      1.21306      0.15105      2.74703         0.006557      0.050533     -0.036943
      1.21306      2.32288      4.28907         0.006557     -0.050533      0.036943
      1.19218      2.62498      0.77102        -0.006557      0.050533      0.036943
      1.19218      4.79681      6.26507        -0.006557     -0.050533     -0.036943
      3.59742      4.79681      4.28907        -0.006557     -0.050533      0.036943
      3.59742      2.62498      2.74703        -0.006557      0.050533     -0.036943
      3.61830      2.32288      6.26507         0.006557     -0.050533     -0.036943
      3.61830      0.15105      0.77102         0.006557      0.050533      0.036943
      0.51469      0.50465      4.60165         0.013137      0.018985      0.022289
      0.51469      1.96929      2.43444         0.013137     -0.018985     -0.022289
      1.89055      2.97858      5.95249        -0.013137      0.018985     -0.022289
      1.89055      4.44322      1.08360        -0.013137     -0.018985      0.022289
      4.29579      4.44322      2.43444        -0.013137     -0.018985     -0.022289
      4.29579      2.97858      4.60165        -0.013137      0.018985      0.022289
      2.91994      1.96929      1.08360         0.013137     -0.018985      0.022289
      2.91994      0.50465      5.95249         0.013137      0.018985     -0.022289
      0.23773      1.23697      0.00000         0.025752      0.000000      0.000000
      2.16751      3.71090      3.51805        -0.025752      0.000000      0.000000
      4.57275      3.71090      0.00000        -0.025752      0.000000      0.000000
      2.64297      1.23697      3.51805         0.025752      0.000000      0.000000
 -----------------------------------------------------------------------------------
    total drift:                                0.001020     -0.000075     -0.000634
 POSITION                                       TOTAL-FORCE (eV/Angst)
      1.21398      0.15322      2.74307         0.004023      0.018671     -0.008303
      1.21398      2.32074      4.28694         0.004023     -0.018671      0.008303
      1.19253      2.62718      0.77194        -0.004023      0.018671      0.008303
      1.19253      4.79470      6.25807        -0.004023     -0.018671     -0.008303
      3.59904      4.79470      4.28694        -0.004023     -0.018671      0.008303
      3.59904      2.62718      2.74307        -0.004023      0.018671     -0.008303
      3.62049      2.32074      6.25807         0.004023     -0.018671     -0.008303
      3.62049      0.15322      0.77194         0.004023      0.018671      0.008303
      0.51553      0.50547      4.59863        -0.004619      0.005764     -0.007615
      0.51553      1.96849      2.43138        -0.004619     -0.005764      0.007615
      1.89098      2.97943      5.94639         0.004619      0.005764      0.007615
      1.89098      4.44245      1.08362         0.004619     -0.005764     -0.007615
      4.29749      4.44245      2.43138         0.004619     -0.005764      0.007615
      4.29749      2.97943      4.59863         0.004619      0.005764     -0.007615
      2.92204      1.96849      1.08362        -0.004619     -0.005764     -0.007615
      2.92204      0.50547      5.94639        -0.004619      0.005764      0.007615
      0.23896      1.23698      0.00000         0.022851     -0.000000     -0.000000
      2.16755      3.71094      3.51501        -0.022851     -0.000000     -0.000000
      4.57406      3.71094      0.00000        -0.022851     -0.000000     -0.000000
      2.64547      1.23698      3.51501         0.022851     -0.000000     -0.000000
 -----------------------------------------------------------------------------------
    total drift:                                0.001020     -0.000076     -0.000634
 POSITION                                       TOTAL-FORCE (eV/Angst)
      1.21417      0.15366      2.74227         0.003470      0.011574     -0.002469
      1.21417      2.32031      4.28652         0.003470     -0.011574      0.002469
      1.19260      2.62763      0.77212        -0.003470      0.011574      0.002469
      1.19260      4.79427      6.25667        -0.003470     -0.011574     -0.002469
      3.59936      4.79427      4.28652        -0.003470     -0.011574      0.002469
      3.59936      2.62763      2.74227        -0.003470      0.011574     -0.002469
      3.62093      2.32031      6.25667         0.003470     -0.011574     -0.002469
      3.62093      0.15366      0.77212         0.003470      0.011574      0.002469
      0.51570      0.50563      4.59802        -0.008322      0.002989     -0.013433
      0.51570      1.96833      2.43077        -0.008322     -0.002989      0.013433
      1.89107      2.97960      5.94516         0.008322      0.002989      0.013433
      1.89107      4.44230      1.08363         0.008322     -0.002989     -0.013433
      4.29783      4.44230      2.43077         0.008322     -0.002989      0.013433
      4.29783      2.97960      4.59802         0.008322      0.002989     -0.013433
      2.92246      1.96833      1.08363        -0.008322     -0.002989     -0.013433
      2.92246      0.50563      5.94516        -0.008322      0.002989      0.013433
      0.23921      1.23698      0.00000         0.022158      0.000000      0.000000
      2.16755      3.71095      3.51439        -0.022158      0.000000      0.000000
      4.57432      3.71095      0.00000        -0.022158      0.000000      0.000000
      2.64598      1.23698      3.51439         0.022158      0.000000      0.000000
 -----------------------------------------------------------------------------------
    total drift:                                0.001021     -0.000076     -0.000634
 POSITION                                       TOTAL-FORCE (eV/Angst)
      1.21403      0.15457      2.74260         0.002151      0.002568     -0.002569
      1.21403      2.31925      4.28806         0.002151     -0.002568      0.002569
      1.19205      2.62838      0.77273        -0.002151      0.002568      0.002569
      1.19205      4.79306      6.25793        -0.002151     -0.002568     -0.002569
      3.59814      4.79306      4.28806        -0.002151     -0.002568      0.002569
      3.59814      2.62838      2.74260        -0.002151      0.002568     -0.002569
      3.62012      2.31925      6.25793         0.002151     -0.002568     -0.002569
      3.62012      0.15457      0.77273         0.002151      0.002568      0.002569
      0.51528      0.50589      4.59882        -0.002299      0.002187      0.000175
      0.51528      1.96793      2.43184        -0.002299     -0.002187     -0.000175
      1.89080      2.97970      5.94717         0.002299      0.002187     -0.000175
      1.89080      4.44174      1.08349         0.002299     -0.002187      0.000175
      4.29689      4.44174      2.43184         0.002299     -0.002187     -0.000175
      4.29689      2.97970      4.59882         0.002299      0.002187      0.000175
      2.92137      1.96793      1.08349        -0.002299     -0.002187      0.000175
      2.92137      0.50589      5.94717        -0.002299      0.002187     -0.000175
      0.24034      1.23691      0.00000         0.007701      0.000000     -0.000000
      2.16575      3.71072      3.51533        -0.007701      0.000000      0.000000
      4.57184      3.71072      0.00000        -0.007701      0.000000      0.000000
      2.64642      1.23691      3.51533         0.007701      0.000000     -0.000000
 -----------------------------------------------------------------------------------
    total drift:                                0.001020     -0.000076     -0.000634
 POSITION                                       TOTAL-FORCE (eV/Angst)
      1.21397      0.15498      2.74275         0.001202     -0.002584     -0.002353
      1.21397      2.31876      4.28877         0.001202      0.002584      0.002353
      1.19180      2.62873      0.77301        -0.001202     -0.002584      0.002353
      1.19180      4.79251      6.25851        -0.001202      0.002584     -0.002353
      3.59758      4.79251      4.28877        -0.001202      0.002584      0.002353
      3.59758      2.62873      2.74275        -0.001202     -0.002584     -0.002353
      3.61975      2.31876      6.25851         0.001202      0.002584     -0.002353
      3.61975      0.15498      0.77301         0.001202     -0.002584      0.002353
      0.51509      0.50600      4.59919         0.000199      0.001782      0.006044
      0.51509      1.96774      2.43233         0.000199     -0.001782     -0.006044
      1.89068      2.97975      5.94810        -0.000199      0.001782     -0.006044
      1.89068      4.44149      1.08343        -0.000199     -0.001782      0.006044
      4.29646      4.44149      2.43233        -0.000199     -0.001782     -0.006044
      4.29646      2.97975      4.59919        -0.000199      0.001782      0.006044
      2.92087      1.96774      1.08343         0.000199     -0.001782      0.006044
      2.92087      0.50600      5.94810         0.000199      0.001782     -0.006044
      0.24086      1.23687      0.00000         0.000846      0.000000      0.000000
      2.16492      3.71062      3.51576        -0.000846     -0.000000      0.000000
      4.57069      3.71062      0.00000        -0.000846      0.000000      0.000000
      2.64663      1.23687      3.51576         0.000846      0.000000      0.000000
 -----------------------------------------------------------------------------------
    total drift:                                0.001020     -0.000076     -0.000634
 POSITION                                       TOTAL-FORCE (eV/Angst)
      1.21396      0.15504      2.74277         0.001049     -0.003252     -0.002279
      1.21396      2.31870      4.28886         0.001049      0.003252      0.002279
      1.19177      2.62877      0.77304        -0.001049     -0.003252      0.002279
      1.19177      4.79244      6.25859        -0.001049      0.003252     -0.002279
      3.59750      4.79244      4.28886        -0.001049      0.003252      0.002279
      3.59750      2.62877      2.74277        -0.001049     -0.003252     -0.002279
      3.61970      2.31870      6.25859         0.001049      0.003252     -0.002279
      3.61970      0.15504      0.77304         0.001049     -0.003252      0.002279
      0.51507      0.50602      4.59924         0.000379      0.001786      0.006543
      0.51507      1.96772      2.43240         0.000379     -0.001786     -0.006543
      1.89067      2.97975      5.94821        -0.000379      0.001786     -0.006543
      1.89067      4.44145      1.08342        -0.000379     -0.001786      0.006543
      4.29640      4.44145      2.43240        -0.000379     -0.001786     -0.006543
      4.29640      2.97975      4.59924        -0.000379      0.001786      0.006543
      2.92080      1.96772      1.08342         0.000379     -0.001786      0.006543
      2.92080      0.50602      5.94821         0.000379      0.001786     -0.006543
      0.24092      1.23687      0.00000         0.000368      0.000000      0.000000
      2.16481      3.71060      3.51582        -0.000368      0.000000      0.000000
      4.57055      3.71060      0.00000        -0.000368      0.000000      0.000000
      2.64666      1.23687      3.51582         0.000368      0.000000      0.000000
 -----------------------------------------------------------------------------------
    total drift:                                0.001020     -0.000076     -0.000634
 POSITION                                       TOTAL-FORCE (eV/Angst)
      1.21379      0.15497      2.74320         0.000265     -0.000523     -0.000665
      1.21379      2.31895      4.28991         0.000265      0.000523      0.000665
      1.19146      2.62889      0.77335        -0.000265     -0.000523      0.000665
      1.19146      4.79287      6.25975        -0.000265      0.000523     -0.000665
      3.59671      4.79287      4.28991        -0.000265      0.000523      0.000665
      3.59671      2.62889      2.74320        -0.000265     -0.000523     -0.000665
      3.61904      2.31895      6.25975         0.000265      0.000523     -0.000665
      3.61904      0.15497      0.77335         0.000265     -0.000523      0.000665
      0.51496      0.50617      4.60048        -0.000755      0.001995      0.000795
      0.51496      1.96775      2.43262        -0.000755     -0.001995     -0.000795
      1.89029      2.98009      5.94917         0.000755      0.001995     -0.000795
      1.89029      4.44167      1.08393         0.000755     -0.001995      0.000795
      4.29554      4.44167      2.43262         0.000755     -0.001995     -0.000795
      4.29554      2.98009      4.60048         0.000755      0.001995      0.000795
      2.92021      1.96775      1.08393        -0.000755     -0.001995      0.000795
      2.92021      0.50617      5.94917        -0.000755      0.001995     -0.000795
      0.24100      1.23696      0.00000        -0.001560      0.000000     -0.000000
      2.16425      3.71088      3.51655         0.001560      0.000000     -0.000000
      4.56950      3.71088      0.00000         0.001560      0.000000     -0.000000
      2.64625      1.23696      3.51655        -0.001560      0.000000     -0.000000
 -----------------------------------------------------------------------------------
    total drift:                                0.001020     -0.000076     -0.000634
 POSITION                                       TOTAL-FORCE (eV/Angst)
      1.21379      0.15497      2.74320         0.000264     -0.000536     -0.000682
      1.21379      2.31895      4.28991         0.000264      0.000536      0.000682
      1.19146      2.62889      0.77335        -0.000264     -0.000536      0.000682
      1.19146      4.79287      6.25975        -0.000264      0.000536     -0.000682
      3.59671      4.79287      4.28991        -0.000264      0.000536      0.000682
      3.59671      2.62889      2.74320        -0.000264     -0.000536     -0.000682
      3.61904      2.31895      6.25975         0.000264      0.000536     -0.000682
      3.61904      0.15497      0.77335         0.000264     -0.000536      0.000682
      0.51496      0.50617      4.60048        -0.000807      0.001995      0.000943
      0.51496      1.96775      2.43262        -0.000807     -0.001995     -0.000943
      1.89029      2.98009      5.94918         0.000807      0.001995     -0.000943
      1.89029      4.44167      1.08393         0.000807     -0.001995      0.000943
      4.29554      4.44167      2.43262         0.000807     -0.001995     -0.000943
      4.29554      2.98009      4.60048         0.000807      0.001995      0.000943
      2.92021      1.96775      1.08393        -0.000807     -0.001995      0.000943
      2.92021      0.50617      5.94918        -0.000807      0.001995     -0.000943
      0.24100      1.23696      0.00000        -0.001522     -0.000000      0.000000
      2.16425      3.71088      3.51655         0.001522     -0.000000     -0.000000
      4.56950      3.71088      0.00000         0.001522     -0.000000     -0.000000
      2.64625      1.23696      3.51655        -0.001522     -0.000000      0.000000
 -----------------------------------------------------------------------------------
    total drift:                                0.001020     -0.000076     -0.000634
 POSITION                                       TOTAL-FORCE (eV/Angst)
      1.21378      0.15492      2.74314        -0.000101      0.000017     -0.000312
      1.21378      2.31880      4.28994        -0.000101     -0.000017      0.000312
      1.19141      2.62865      0.77340         0.000101      0.000017      0.000312
      1.19141      4.79253      6.25967         0.000101     -0.000017     -0.000312
      3.59659      4.79253      4.28994         0.000101     -0.000017      0.000312
      3.59659      2.62865      2.74314         0.000101      0.000017     -0.000312
      3.61896      2.31880      6.25967        -0.000101     -0.000017     -0.000312
      3.61896      0.15492      0.77340        -0.000101      0.000017      0.000312
      0.51490      0.50624      4.60054        -0.000738      0.001448     -0.000342
      0.51490      1.96749      2.43253        -0.000738     -0.001448      0.000342
      1.89028      2.97996      5.94907         0.000738      0.001448      0.000342
      1.89028      4.44121      1.08400         0.000738     -0.001448     -0.000342
      4.29547      4.44121      2.43253         0.000738     -0.001448      0.000342
      4.29547      2.97996      4.60054         0.000738      0.001448     -0.000342
      2.92009      1.96749      1.08400        -0.000738     -0.001448     -0.000342
      2.92009      0.50624      5.94907        -0.000738      0.001448      0.000342
      0.24093      1.23686      0.00000         0.001465     -0.000000     -0.000000
      2.16425      3.71059      3.51654        -0.001465     -0.000000     -0.000000
      4.56944      3.71059      0.00000        -0.001465      0.000000     -0.000000
      2.64612      1.23686      3.51654         0.001465     -0.000000     -0.000000
 -----------------------------------------------------------------------------------
    total drift:                                0.001020     -0.000076     -0.000634
 POSITION                                       TOTAL-FORCE (eV/Angst)
      1.21378      0.15493      2.74314        -0.000075     -0.000065     -0.000338
      1.21378      2.31881      4.28993        -0.000075      0.000065      0.000338
      1.19141      2.62867      0.77340         0.000075     -0.000065      0.000338
      1.19141      4.79256      6.25968         0.000075      0.000065     -0.000338
      3.59661      4.79256      4.28993         0.000075      0.000065      0.000338
      3.59661      2.62867      2.74314         0.000075     -0.000065     -0.000338
      3.61897      2.31881      6.25968        -0.000075      0.000065     -0.000338
      3.61897      0.15493      0.77340        -0.000075     -0.000065      0.000338
      0.51491      0.50623      4.60053        -0.000736      0.001348     -0.000307
      0.51491      1.96751      2.43254        -0.000736     -0.001348      0.000307
      1.89028      2.97998      5.94908         0.000736      0.001348      0.000307
      1.89028      4.44125      1.08400         0.000736     -0.001348     -0.000307
      4.29548      4.44125      2.43254         0.000736     -0.001348      0.000307
      4.29548      2.97998      4.60053         0.000736      0.001348     -0.000307
      2.92010      1.96751      1.08400        -0.000736     -0.001348     -0.000307
      2.92010      0.50623      5.94908        -0.000736      0.001348      0.000307
      0.24094      1.23687      0.00000         0.000563     -0.000000      0.000000
      2.16425      3.71061      3.51654        -0.000563     -0.000000      0.000000
      4.56945      3.71061      0.00000        -0.000563     -0.000000      0.000000
      2.64613      1.23687      3.51654         0.000563      0.000000      0.000000
 -----------------------------------------------------------------------------------
    total drift:                                0.001020     -0.000076     -0.000634
 POSITION                                       TOTAL-FORCE (eV/Angst)
      1.21385      0.15490      2.74319        -0.000255     -0.000009      0.000336
      1.21385      2.31879      4.29014        -0.000255      0.000009     -0.000336
      1.19146      2.62859      0.77348         0.000255     -0.000009     -0.000336
      1.19146      4.79248      6.25985         0.000255      0.000009      0.000336
      3.59676      4.79248      4.29014         0.000255      0.000009     -0.000336
      3.59676      2.62859      2.74319         0.000255     -0.000009      0.000336
      3.61915      2.31879      6.25985        -0.000255      0.000009      0.000336
      3.61915      0.15490      0.77348        -0.000255     -0.000009     -0.000336
      0.51487      0.50637      4.60074        -0.000257      0.000470     -0.000928
      0.51487      1.96732      2.43259        -0.000257     -0.000470      0.000928
      1.89043      2.98006      5.94925         0.000257      0.000470      0.000928
      1.89043      4.44101      1.08407         0.000257     -0.000470     -0.000928
      4.29574      4.44101      2.43259         0.000257     -0.000470      0.000928
      4.29574      2.98006      4.60074         0.000257      0.000470     -0.000928
      2.92017      1.96732      1.08407        -0.000257     -0.000470     -0.000928
      2.92017      0.50637      5.94925        -0.000257      0.000470      0.000928
      0.24093      1.23684      0.00000         0.000818      0.000000      0.000000
      2.16437      3.71053      3.51666        -0.000818      0.000000     -0.000000
      4.56967      3.71053      0.00000        -0.000818     -0.000000      0.000000
      2.64623      1.23684      3.51666         0.000818     -0.000000     -0.000000
 -----------------------------------------------------------------------------------
    total drift:                                0.001020     -0.000076     -0.000634
 POSITION                                       TOTAL-FORCE (eV/Angst)
      1.21384      0.15490      2.74318        -0.000255     -0.000037      0.000311
      1.21384      2.31879      4.29013        -0.000255      0.000037     -0.000311
      1.19145      2.62859      0.77347         0.000255     -0.000037     -0.000311
      1.19145      4.79249      6.25984         0.000255      0.000037      0.000311
      3.59675      4.79249      4.29013         0.000255      0.000037     -0.000311
      3.59675      2.62859      2.74318         0.000255     -0.000037      0.000311
      3.61914      2.31879      6.25984        -0.000255      0.000037      0.000311
      3.61914      0.15490      0.77347        -0.000255     -0.000037     -0.000311
      0.51487      0.50636      4.60073        -0.000245      0.000383     -0.000931
      0.51487      1.96733      2.43259        -0.000245     -0.000383      0.000931
      1.89043      2.98005      5.94924         0.000245      0.000383      0.000931
      1.89043      4.44102      1.08407         0.000245     -0.000383     -0.000931
      4.29572      4.44102      2.43259         0.000245     -0.000383      0.000931
      4.29572      2.98005      4.60073         0.000245      0.000383     -0.000931
      2.92017      1.96733      1.08407        -0.000245     -0.000383     -0.000931
      2.92017      0.50636      5.94924        -0.000245      0.000383      0.000931
      0.24093      1.23685      0.00000         0.000817      0.000000      0.000000
      2.16437      3.71054      3.51666        -0.000817     -0.000000      0.000000
      4.56966      3.71054      0.00000        -0.000817      0.000000      0.000000
      2.64623      1.23685      3.51666         0.000817      0.000000      0.000000
 -----------------------------------------------------------------------------------
    total drift:                                0.001020     -0.000076     -0.000634
 POSITION                                       TOTAL-FORCE (eV/Angst)
      1.21383      0.15490      2.74318        -0.000230     -0.000046      0.000213
      1.21383      2.31880      4.29010        -0.000230      0.000046     -0.000213
      1.19145      2.62860      0.77346         0.000230     -0.000046     -0.000213
      1.19145      4.79250      6.25982         0.000230      0.000046      0.000213
      3.59673      4.79250      4.29010         0.000230      0.000046     -0.000213
      3.59673      2.62860      2.74318         0.000230     -0.000046      0.000213
      3.61911      2.31880      6.25982        -0.000230      0.000046      0.000213
      3.61911      0.15490      0.77346        -0.000230     -0.000046     -0.000213
      0.51488      0.50634      4.60070        -0.000318      0.000504     -0.000833
      0.51488      1.96736      2.43258        -0.000318     -0.000504      0.000833
      1.89041      2.98004      5.94922         0.000318      0.000504      0.000833
      1.89041      4.44106      1.08406         0.000318     -0.000504     -0.000833
      4.29569      4.44106      2.43258         0.000318     -0.000504      0.000833
      4.29569      2.98004      4.60070         0.000318      0.000504     -0.000833
      2.92016      1.96736      1.08406        -0.000318     -0.000504     -0.000833
      2.92016      0.50634      5.94922        -0.000318      0.000504      0.000833
      0.24093      1.23685      0.00000         0.000780     -0.000000      0.000000
      2.16435      3.71055      3.51664        -0.000780      0.000000     -0.000000
      4.56963      3.71055      0.00000        -0.000780      0.000000     -0.000000
      2.64621      1.23685      3.51664         0.000780     -0.000000      0.000000
 -----------------------------------------------------------------------------------
    total drift:                                0.001020     -0.000076     -0.000634
 POSITION                                       TOTAL-FORCE (eV/Angst)
      1.21383      0.15491      2.74317        -0.000213     -0.000046      0.000154
      1.21383      2.31880      4.29008        -0.000213      0.000046     -0.000154
      1.19144      2.62861      0.77345         0.000213     -0.000046     -0.000154
      1.19144      4.79250      6.25980         0.000213      0.000046      0.000154
      3.59672      4.79250      4.29008         0.000213      0.000046     -0.000154
      3.59672      2.62861      2.74317         0.000213     -0.000046      0.000154
      3.61910      2.31880      6.25980        -0.000213      0.000046      0.000154
      3.61910      0.15491      0.77345        -0.000213     -0.000046     -0.000154
      0.51488      0.50633      4.60068        -0.000364      0.000598     -0.000770
      0.51488      1.96737      2.43257        -0.000364     -0.000598      0.000770
      1.89039      2.98003      5.94920         0.000364      0.000598      0.000770
      1.89039      4.44108      1.08405         0.000364     -0.000598     -0.000770
      4.29566      4.44108      2.43257         0.000364     -0.000598      0.000770
      4.29566      2.98003      4.60068         0.000364      0.000598     -0.000770
      2.92015      1.96737      1.08405        -0.000364     -0.000598     -0.000770
      2.92015      0.50633      5.94920        -0.000364      0.000598      0.000770
      0.24093      1.23685      0.00000         0.000754      0.000000     -0.000000
      2.16434      3.71056      3.51663        -0.000754      0.000000     -0.000000
      4.56961      3.71056      0.00000        -0.000754      0.000000     -0.000000
      2.64620      1.23685      3.51663         0.000754      0.000000      0.000000
 -----------------------------------------------------------------------------------
    total drift:                                0.001020     -0.000076     -0.000634
 POSITION                                       TOTAL-FORCE (eV/Angst)
      1.21383      0.15490      2.74318        -0.000218     -0.000038      0.000179
      1.21383      2.31880      4.29009        -0.000218      0.000038     -0.000179
      1.19145      2.62861      0.77346         0.000218     -0.000038     -0.000179
      1.19145      4.79250      6.25981         0.000218      0.000038      0.000179
      3.59672      4.79250      4.29009         0.000218      0.000038     -0.000179
      3.59672      2.62861      2.74318         0.000218     -0.000038      0.000179
      3.61911      2.31880      6.25981        -0.000218      0.000038      0.000179
      3.61911      0.15490      0.77346        -0.000218     -0.000038     -0.000179
      0.51488      0.50634      4.60069        -0.000345      0.000593     -0.000790
      0.51488      1.96737      2.43258        -0.000345     -0.000593      0.000790
      1.89040      2.98004      5.94921         0.000345      0.000593      0.000790
      1.89040      4.44107      1.08406         0.000345     -0.000593     -0.000790
      4.29567      4.44107      2.43258         0.000345     -0.000593      0.000790
      4.29567      2.98004      4.60069         0.000345      0.000593     -0.000790
      2.92015      1.96737      1.08406        -0.000345     -0.000593     -0.000790
      2.92015      0.50634      5.94921        -0.000345      0.000593      0.000790
      0.24093      1.23685      0.00000         0.000760      0.000000      0.000000
      2.16434      3.71055      3.51663        -0.000760     -0.000000      0.000000
      4.56962      3.71055      0.00000        -0.000760     -0.000000      0.000000
      2.64621      1.23685      3.51663         0.000760     -0.000000      0.000000
 -----------------------------------------------------------------------------------
    total drift:                                0.001020     -0.000076     -0.000634
 POSITION                                       TOTAL-FORCE (eV/Angst)
      1.21383      0.15490      2.74318        -0.000223     -0.000037      0.000198
      1.21383      2.31880      4.29009        -0.000223      0.000037     -0.000198
      1.19145      2.62860      0.77346         0.000223     -0.000037     -0.000198
      1.19145      4.79250      6.25981         0.000223      0.000037      0.000198
      3.59673      4.79250      4.29009         0.000223      0.000037     -0.000198
      3.59673      2.62860      2.74318         0.000223     -0.000037      0.000198
      3.61911      2.31880      6.25981        -0.000223      0.000037      0.000198
      3.61911      0.15490      0.77346        -0.000223     -0.000037     -0.000198
      0.51488      0.50634      4.60069        -0.000318      0.000545     -0.000816
      0.51488      1.96736      2.43258        -0.000318     -0.000545      0.000816
      1.89040      2.98004      5.94921         0.000318      0.000545      0.000816
      1.89040      4.44106      1.08406         0.000318     -0.000545     -0.000816
      4.29568      4.44106      2.43258         0.000318     -0.000545      0.000816
      4.29568      2.98004      4.60069         0.000318      0.000545     -0.000816
      2.92015      1.96736      1.08406        -0.000318     -0.000545     -0.000816
      2.92015      0.50634      5.94921        -0.000318      0.000545      0.000816
      0.24093      1.23685      0.00000         0.000773      0.000000     -0.000000
      2.16435      3.71055      3.51664        -0.000773     -0.000000     -0.000000
      4.56962      3.71055      0.00000        -0.000773      0.000000     -0.000000
      2.64621      1.23685      3.51664         0.000773     -0.000000     -0.000000
 -----------------------------------------------------------------------------------
    total drift:                                0.001020     -0.000076     -0.000634
 POSITION                                       TOTAL-FORCE (eV/Angst)
      1.21382      0.15491      2.74319         0.000006     -0.000047      0.000087
      1.21382      2.31885      4.29010         0.000006      0.000047     -0.000087
      1.19145      2.62866      0.77345        -0.000006     -0.000047     -0.000087
      1.19145      4.79261      6.25984        -0.000006      0.000047      0.000087
      3.59672      4.79261      4.29010        -0.000006      0.000047     -0.000087
      3.59672      2.62866      2.74319        -0.000006     -0.000047      0.000087
      3.61908      2.31885      6.25984         0.000006      0.000047      0.000087
      3.61908      0.15491      0.77345         0.000006     -0.000047     -0.000087
      0.51486      0.50637      4.60067        -0.000026      0.000446     -0.000047
      0.51486      1.96738      2.43262        -0.000026     -0.000446      0.000047
      1.89041      2.98013      5.94927         0.000026      0.000446      0.000047
      1.89041      4.44114      1.08402         0.000026     -0.000446     -0.000047
      4.29568      4.44114      2.43262         0.000026     -0.000446      0.000047
      4.29568      2.98013      4.60067         0.000026      0.000446     -0.000047
      2.92013      1.96738      1.08402        -0.000026     -0.000446     -0.000047
      2.92013      0.50637      5.94927        -0.000026      0.000446      0.000047
      0.24097      1.23688      0.00000        -0.000615     -0.000000      0.000000
      2.16430      3.71063      3.51665         0.000615     -0.000000      0.000000
      4.56957      3.71063      0.00000         0.000615     -0.000000      0.000000
      2.64624      1.23688      3.51665        -0.000615     -0.000000      0.000000
 -----------------------------------------------------------------------------------
    total drift:                                0.001020     -0.000076     -0.000634
