 POSITION                                       TOTAL-FORCE (eV/Angst)
 -----------------------------------------------------------------------------------
      1.21471      0.15546      2.74482         0.004367     -0.012332      0.008122
      1.21471      2.32029      4.29339         0.004367      0.012332     -0.008122
      1.19256      2.63120      0.77428        -0.004367     -0.012332     -0.008122
      1.19256      4.79603      6.26393        -0.004367      0.012332      0.008122
      3.59984      4.79603      4.29339        -0.004367      0.012332     -0.008122
      3.59984      2.63120      2.74482        -0.004367     -0.012332      0.008122
      3.62199      2.32029      6.26393         0.004367      0.012332      0.008122
      3.62199      0.15546      0.77428         0.004367     -0.012332     -0.008122
      0.51551      0.50698      4.60403        -0.003986     -0.003428     -0.004991
      0.51551      1.96876      2.43418        -0.003986      0.003428      0.004991
      1.89177      2.98273      5.95329         0.003986     -0.003428      0.004991
      1.89177      4.44451      1.08492         0.003986      0.003428     -0.004991
      4.29905      4.44451      2.43418         0.003986      0.003428      0.004991
      4.29905      2.98273      4.60403         0.003986     -0.003428     -0.004991
      2.92278      1.96876      1.08492        -0.003986      0.003428     -0.004991
      2.92278      0.50698      5.95329        -0.003986     -0.003428      0.004991
      0.24163      1.23787      0.00000        -0.007960      0.000000      0.000000
      2.16564      3.71362      3.51911         0.007960      0.000000      0.000000
      4.57292      3.71362      0.00000         0.007960      0.000000      0.000000
      2.64891      1.23787      3.51911        -0.007960      0.000000      0.000000
 -----------------------------------------------------------------------------------
    total drift:                                0.001021     -0.000076     -0.000635
