 POSITION                                       TOTAL-FORCE (eV/Angst)
 -----------------------------------------------------------------------------------
      1.21593      0.15561      2.74756         0.003560     -0.019114      0.012622
      1.21593      2.32260      4.29767         0.003560      0.019114     -0.012622
      1.19375      2.63383      0.77506        -0.003560     -0.019114     -0.012622
      1.19375      4.80082      6.27018        -0.003560      0.019114      0.012622
      3.60343      4.80082      4.29767        -0.003560      0.019114     -0.012622
      3.60343      2.63383      2.74756        -0.003560     -0.019114      0.012622
      3.62561      2.32260      6.27018         0.003560      0.019114      0.012622
      3.62561      0.15561      0.77506         0.003560     -0.019114     -0.012622
      0.51602      0.50749      4.60862        -0.005910     -0.005787     -0.007302
      0.51602      1.97073      2.43661        -0.005910      0.005787      0.007302
      1.89366      2.98570      5.95923         0.005910     -0.005787      0.007302
      1.89366      4.44894      1.08601         0.005910      0.005787     -0.007302
      4.30334      4.44894      2.43661         0.005910      0.005787      0.007302
      4.30334      2.98570      4.60862         0.005910     -0.005787     -0.007302
      2.92570      1.97073      1.08601        -0.005910      0.005787     -0.007302
      2.92570      0.50749      5.95923        -0.005910     -0.005787      0.007302
      0.24188      1.23911      0.00000        -0.009734      0.000000      0.000000
      2.16780      3.71732      3.52262         0.009734      0.000000      0.000000
      4.57748      3.71732      0.00000         0.009734      0.000000      0.000000
      2.65156      1.23911      3.52262        -0.009734      0.000000      0.000000
 -----------------------------------------------------------------------------------
    total drift:                                0.001023     -0.000076     -0.000636
