-0.003 -0.003 -0.003
4.7905297257741530 0.0000000000000000 0.0000000000000000       0.0000000000000000 4.9267797381749725 0.0000000000000000       0.0000000000000000 0.0000000000000000 7.0030902189723401       
-0.002 -0.002 -0.002
4.7953346703336059 0.0000000000000000 0.0000000000000000       0.0000000000000000 4.9317213427268030 0.0000000000000000       0.0000000000000000 0.0000000000000000 7.0101143816794336       
-0.001 -0.001 -0.001
4.8001396148930580 0.0000000000000000 0.0000000000000000       0.0000000000000000 4.9366629472786334 0.0000000000000000       0.0000000000000000 0.0000000000000000 7.0171385443865271       
-0.000 -0.000 -0.000
4.8049445594525109 0.0000000000000000 0.0000000000000000       0.0000000000000000 4.9416045518304639 0.0000000000000000       0.0000000000000000 0.0000000000000000 7.0241627070936206       
0.001 0.001 0.001
4.8097495040119638 0.0000000000000000 0.0000000000000000       0.0000000000000000 4.9465461563822943 0.0000000000000000       0.0000000000000000 0.0000000000000000 7.0311868698007141       
0.002 0.002 0.002
4.8145544485714158 0.0000000000000000 0.0000000000000000       0.0000000000000000 4.9514877609341248 0.0000000000000000       0.0000000000000000 0.0000000000000000 7.0382110325078076       
0.003 0.003 0.003
4.8193593931308687 0.0000000000000000 0.0000000000000000       0.0000000000000000 4.9564293654859553 0.0000000000000000       0.0000000000000000 0.0000000000000000 7.0452351952149010       
