-0.003 -0.003 -0.003
 POSITION                                       TOTAL-FORCE (eV/Angst)
 -----------------------------------------------------------------------------------
      1.20865      0.15468      2.73113         0.001377      0.017106     -0.012632
      1.20865      2.30871      4.27197         0.001377     -0.017106      0.012632
      1.18661      2.61807      0.77042        -0.001377      0.017106      0.012632
      1.18661      4.77210      6.23267        -0.001377     -0.017106     -0.012632
      3.58188      4.77210      4.27197        -0.001377     -0.017106      0.012632
      3.58188      2.61807      2.73113        -0.001377      0.017106     -0.012632
      3.60392      2.30871      6.23267         0.001377     -0.017106     -0.012632
      3.60392      0.15468      0.77042         0.001377      0.017106      0.012632
      0.51294      0.50445      4.58106         0.005741      0.006547      0.008838
      0.51294      1.95894      2.42204         0.005741     -0.006547     -0.008838
      1.88233      2.96784      5.92358        -0.005741      0.006547     -0.008838
      1.88233      4.42233      1.07951        -0.005741     -0.006547      0.008838
      4.27759      4.42233      2.42204        -0.005741     -0.006547     -0.008838
      4.27759      2.96784      4.58106        -0.005741      0.006547      0.008838
      2.90820      1.95894      1.07951         0.005741     -0.006547      0.008838
      2.90820      0.50445      5.92358         0.005741      0.006547     -0.008838
      0.24043      1.23169      0.00000         0.009092     -0.000000      0.000000
      2.15484      3.69508      3.50155        -0.009092     -0.000000      0.000000
      4.55010      3.69508      0.00000        -0.009092     -0.000000      0.000000
      2.63569      1.23169      3.50155         0.009092     -0.000000      0.000000
 -----------------------------------------------------------------------------------
    total drift:                                0.001014     -0.000075     -0.000630

-0.002 -0.002 -0.002
 POSITION                                       TOTAL-FORCE (eV/Angst)
 -----------------------------------------------------------------------------------
      1.20986      0.15484      2.73386         0.000177      0.010484     -0.009580
      1.20986      2.31102      4.27625         0.000177     -0.010484      0.009580
      1.18780      2.62070      0.77119        -0.000177      0.010484      0.009580
      1.18780      4.77688      6.23892        -0.000177     -0.010484     -0.009580
      3.58547      4.77688      4.27625        -0.000177     -0.010484      0.009580
      3.58547      2.62070      2.73386        -0.000177      0.010484     -0.009580
      3.60753      2.31102      6.23892         0.000177     -0.010484     -0.009580
      3.60753      0.15484      0.77119         0.000177      0.010484      0.009580
      0.51345      0.50496      4.58565         0.003930      0.004360      0.005503
      0.51345      1.96090      2.42446         0.003930     -0.004360     -0.005503
      1.88422      2.97082      5.92952        -0.003930      0.004360     -0.005503
      1.88422      4.42676      1.08059        -0.003930     -0.004360      0.005503
      4.28189      4.42676      2.42446        -0.003930     -0.004360     -0.005503
      4.28189      2.97082      4.58565        -0.003930      0.004360      0.005503
      2.91112      1.96090      1.08059         0.003930     -0.004360      0.005503
      2.91112      0.50496      5.92952         0.003930      0.004360     -0.005503
      0.24067      1.23293      0.00000         0.006273      0.000000      0.000000
      2.15700      3.69879      3.50506        -0.006273      0.000000      0.000000
      4.55466      3.69879      0.00000        -0.006273      0.000000      0.000000
      2.63834      1.23293      3.50506         0.006273      0.000000      0.000000
 -----------------------------------------------------------------------------------
    total drift:                                0.001015     -0.000075     -0.000631

-0.001 -0.001 -0.001
 POSITION                                       TOTAL-FORCE (eV/Angst)
 -----------------------------------------------------------------------------------
      1.21108      0.15499      2.73660         0.001362      0.006691     -0.004604
      1.21108      2.31334      4.28053         0.001362     -0.006691      0.004604
      1.18899      2.62332      0.77197        -0.001362      0.006691      0.004604
      1.18899      4.78167      6.24517        -0.001362     -0.006691     -0.004604
      3.58906      4.78167      4.28053        -0.001362     -0.006691      0.004604
      3.58906      2.62332      2.73660        -0.001362      0.006691     -0.004604
      3.61115      2.31334      6.24517         0.001362     -0.006691     -0.004604
      3.61115      0.15499      0.77197         0.001362      0.006691      0.004604
      0.51396      0.50546      4.59024         0.001932      0.002071      0.002735
      0.51396      1.96287      2.42689         0.001932     -0.002071     -0.002735
      1.88611      2.97380      5.93546        -0.001932      0.002071     -0.002735
      1.88611      4.43120      1.08168        -0.001932     -0.002071      0.002735
      4.28618      4.43120      2.42689        -0.001932     -0.002071     -0.002735
      4.28618      2.97380      4.59024        -0.001932      0.002071      0.002735
      2.91403      1.96287      1.08168         0.001932     -0.002071      0.002735
      2.91403      0.50546      5.93546         0.001932      0.002071     -0.002735
      0.24091      1.23417      0.00000         0.002712      0.000000      0.000000
      2.15916      3.70250      3.50857        -0.002712      0.000000      0.000000
      4.55923      3.70250      0.00000        -0.002712      0.000000      0.000000
      2.64098      1.23417      3.50857         0.002712      0.000000      0.000000
 -----------------------------------------------------------------------------------
    total drift:                                0.001017     -0.000075     -0.000632

-0.000 -0.000 -0.000
 POSITION                                       TOTAL-FORCE (eV/Angst)
 -----------------------------------------------------------------------------------
      1.21229      0.15515      2.73934         0.000091     -0.000406      0.000002
      1.21229      2.31565      4.28482         0.000091      0.000406     -0.000002
      1.19018      2.62595      0.77274        -0.000091     -0.000406     -0.000002
      1.19018      4.78646      6.25142        -0.000091      0.000406      0.000002
      3.59266      4.78646      4.28482        -0.000091      0.000406     -0.000002
      3.59266      2.62595      2.73934        -0.000091     -0.000406      0.000002
      3.61476      2.31565      6.25142         0.000091      0.000406      0.000002
      3.61476      0.15515      0.77274         0.000091     -0.000406     -0.000002
      0.51448      0.50597      4.59484         0.000112      0.000466      0.000342
      0.51448      1.96483      2.42932         0.000112     -0.000466     -0.000342
      1.88799      2.97677      5.94140        -0.000112      0.000466     -0.000342
      1.88799      4.43564      1.08276        -0.000112     -0.000466      0.000342
      4.29047      4.43564      2.42932        -0.000112     -0.000466     -0.000342
      4.29047      2.97677      4.59484        -0.000112      0.000466      0.000342
      2.91695      1.96483      1.08276         0.000112     -0.000466      0.000342
      2.91695      0.50597      5.94140         0.000112      0.000466     -0.000342
      0.24115      1.23540      0.00000        -0.000595      0.000000      0.000000
      2.16132      3.70620      3.51208         0.000595     -0.000000      0.000000
      4.56379      3.70620      0.00000         0.000595     -0.000000      0.000000
      2.64362      1.23540      3.51208        -0.000595     -0.000000      0.000000
 -----------------------------------------------------------------------------------
    total drift:                                0.001018     -0.000076     -0.000633

0.001 0.001 0.001
 POSITION                                       TOTAL-FORCE (eV/Angst)
 -----------------------------------------------------------------------------------
      1.21350      0.15530      2.74208         0.002122     -0.005352      0.003572
      1.21350      2.31797      4.28910         0.002122      0.005352     -0.003572
      1.19137      2.62858      0.77351        -0.002122     -0.005352     -0.003572
      1.19137      4.79124      6.25768        -0.002122      0.005352      0.003572
      3.59625      4.79124      4.28910        -0.002122      0.005352     -0.003572
      3.59625      2.62858      2.74208        -0.002122     -0.005352      0.003572
      3.61838      2.31797      6.25768         0.002122      0.005352      0.003572
      3.61838      0.15530      0.77351         0.002122     -0.005352     -0.003572
      0.51499      0.50648      4.59943        -0.001979     -0.001076     -0.002277
      0.51499      1.96680      2.43175        -0.001979      0.001076      0.002277
      1.88988      2.97975      5.94735         0.001979     -0.001076      0.002277
      1.88988      4.44007      1.08384         0.001979      0.001076     -0.002277
      4.29476      4.44007      2.43175         0.001979      0.001076      0.002277
      4.29476      2.97975      4.59943         0.001979     -0.001076     -0.002277
      2.91987      1.96680      1.08384        -0.001979      0.001076     -0.002277
      2.91987      0.50648      5.94735        -0.001979     -0.001076      0.002277
      0.24139      1.23664      0.00000        -0.004921     -0.000000     -0.000000
      2.16348      3.70991      3.51559         0.004921     -0.000000     -0.000000
      4.56836      3.70991      0.00000         0.004921     -0.000000     -0.000000
      2.64627      1.23664      3.51559        -0.004921     -0.000000     -0.000000
 -----------------------------------------------------------------------------------
    total drift:                                0.001020     -0.000076     -0.000634

0.002 0.002 0.002
 POSITION                                       TOTAL-FORCE (eV/Angst)
 -----------------------------------------------------------------------------------
      1.21471      0.15546      2.74482         0.004367     -0.012332      0.008122
      1.21471      2.32029      4.29339         0.004367      0.012332     -0.008122
      1.19256      2.63120      0.77428        -0.004367     -0.012332     -0.008122
      1.19256      4.79603      6.26393        -0.004367      0.012332      0.008122
      3.59984      4.79603      4.29339        -0.004367      0.012332     -0.008122
      3.59984      2.63120      2.74482        -0.004367     -0.012332      0.008122
      3.62199      2.32029      6.26393         0.004367      0.012332      0.008122
      3.62199      0.15546      0.77428         0.004367     -0.012332     -0.008122
      0.51551      0.50698      4.60403        -0.003986     -0.003428     -0.004991
      0.51551      1.96876      2.43418        -0.003986      0.003428      0.004991
      1.89177      2.98273      5.95329         0.003986     -0.003428      0.004991
      1.89177      4.44451      1.08492         0.003986      0.003428     -0.004991
      4.29905      4.44451      2.43418         0.003986      0.003428      0.004991
      4.29905      2.98273      4.60403         0.003986     -0.003428     -0.004991
      2.92278      1.96876      1.08492        -0.003986      0.003428     -0.004991
      2.92278      0.50698      5.95329        -0.003986     -0.003428      0.004991
      0.24163      1.23787      0.00000        -0.007960      0.000000      0.000000
      2.16564      3.71362      3.51911         0.007960      0.000000      0.000000
      4.57292      3.71362      0.00000         0.007960      0.000000      0.000000
      2.64891      1.23787      3.51911        -0.007960      0.000000      0.000000
 -----------------------------------------------------------------------------------
    total drift:                                0.001021     -0.000076     -0.000635

0.003 0.003 0.003
 POSITION                                       TOTAL-FORCE (eV/Angst)
 -----------------------------------------------------------------------------------
      1.21593      0.15561      2.74756         0.003560     -0.019114      0.012622
      1.21593      2.32260      4.29767         0.003560      0.019114     -0.012622
      1.19375      2.63383      0.77506        -0.003560     -0.019114     -0.012622
      1.19375      4.80082      6.27018        -0.003560      0.019114      0.012622
      3.60343      4.80082      4.29767        -0.003560      0.019114     -0.012622
      3.60343      2.63383      2.74756        -0.003560     -0.019114      0.012622
      3.62561      2.32260      6.27018         0.003560      0.019114      0.012622
      3.62561      0.15561      0.77506         0.003560     -0.019114     -0.012622
      0.51602      0.50749      4.60862        -0.005910     -0.005787     -0.007302
      0.51602      1.97073      2.43661        -0.005910      0.005787      0.007302
      1.89366      2.98570      5.95923         0.005910     -0.005787      0.007302
      1.89366      4.44894      1.08601         0.005910      0.005787     -0.007302
      4.30334      4.44894      2.43661         0.005910      0.005787      0.007302
      4.30334      2.98570      4.60862         0.005910     -0.005787     -0.007302
      2.92570      1.97073      1.08601        -0.005910      0.005787     -0.007302
      2.92570      0.50749      5.95923        -0.005910     -0.005787      0.007302
      0.24188      1.23911      0.00000        -0.009734      0.000000      0.000000
      2.16780      3.71732      3.52262         0.009734      0.000000      0.000000
      4.57748      3.71732      0.00000         0.009734      0.000000      0.000000
      2.65156      1.23911      3.52262        -0.009734      0.000000      0.000000
 -----------------------------------------------------------------------------------
    total drift:                                0.001023     -0.000076     -0.000636

