-0.003 -0.003 -0.003
  Total       2.40072     2.28364     2.13741     0.00000     0.00000     0.00000
-0.002 -0.002 -0.002
  Total       1.52753     1.49561     1.36199     0.00000     0.00000     0.00000
-0.001 -0.001 -0.001
  Total       0.66004     0.63374     0.55129     0.00000     0.00000     0.00000
-0.000 -0.000 -0.000
  Total      -0.21044    -0.21363    -0.20068     0.00000     0.00000     0.00000
0.001 0.001 0.001
  Total      -1.01207    -0.99461    -0.94574     0.00000     0.00000     0.00000
0.002 0.002 0.002
  Total      -1.79287    -1.73827    -1.68695     0.00000     0.00000     0.00000
0.003 0.003 0.003
  Total      -2.62798    -2.52959    -2.41549     0.00000     0.00000     0.00000
