 POSITION                                       TOTAL-FORCE (eV/Angst)
 -----------------------------------------------------------------------------------
      1.21108      0.15499      2.73660         0.001362      0.006691     -0.004604
      1.21108      2.31334      4.28053         0.001362     -0.006691      0.004604
      1.18899      2.62332      0.77197        -0.001362      0.006691      0.004604
      1.18899      4.78167      6.24517        -0.001362     -0.006691     -0.004604
      3.58906      4.78167      4.28053        -0.001362     -0.006691      0.004604
      3.58906      2.62332      2.73660        -0.001362      0.006691     -0.004604
      3.61115      2.31334      6.24517         0.001362     -0.006691     -0.004604
      3.61115      0.15499      0.77197         0.001362      0.006691      0.004604
      0.51396      0.50546      4.59024         0.001932      0.002071      0.002735
      0.51396      1.96287      2.42689         0.001932     -0.002071     -0.002735
      1.88611      2.97380      5.93546        -0.001932      0.002071     -0.002735
      1.88611      4.43120      1.08168        -0.001932     -0.002071      0.002735
      4.28618      4.43120      2.42689        -0.001932     -0.002071     -0.002735
      4.28618      2.97380      4.59024        -0.001932      0.002071      0.002735
      2.91403      1.96287      1.08168         0.001932     -0.002071      0.002735
      2.91403      0.50546      5.93546         0.001932      0.002071     -0.002735
      0.24091      1.23417      0.00000         0.002712      0.000000      0.000000
      2.15916      3.70250      3.50857        -0.002712      0.000000      0.000000
      4.55923      3.70250      0.00000        -0.002712      0.000000      0.000000
      2.64098      1.23417      3.50857         0.002712      0.000000      0.000000
 -----------------------------------------------------------------------------------
    total drift:                                0.001017     -0.000075     -0.000632
