 POSITION                                       TOTAL-FORCE (eV/Angst)
 -----------------------------------------------------------------------------------
      1.20865      0.15468      2.73113         0.001377      0.017106     -0.012632
      1.20865      2.30871      4.27197         0.001377     -0.017106      0.012632
      1.18661      2.61807      0.77042        -0.001377      0.017106      0.012632
      1.18661      4.77210      6.23267        -0.001377     -0.017106     -0.012632
      3.58188      4.77210      4.27197        -0.001377     -0.017106      0.012632
      3.58188      2.61807      2.73113        -0.001377      0.017106     -0.012632
      3.60392      2.30871      6.23267         0.001377     -0.017106     -0.012632
      3.60392      0.15468      0.77042         0.001377      0.017106      0.012632
      0.51294      0.50445      4.58106         0.005741      0.006547      0.008838
      0.51294      1.95894      2.42204         0.005741     -0.006547     -0.008838
      1.88233      2.96784      5.92358        -0.005741      0.006547     -0.008838
      1.88233      4.42233      1.07951        -0.005741     -0.006547      0.008838
      4.27759      4.42233      2.42204        -0.005741     -0.006547     -0.008838
      4.27759      2.96784      4.58106        -0.005741      0.006547      0.008838
      2.90820      1.95894      1.07951         0.005741     -0.006547      0.008838
      2.90820      0.50445      5.92358         0.005741      0.006547     -0.008838
      0.24043      1.23169      0.00000         0.009092     -0.000000      0.000000
      2.15484      3.69508      3.50155        -0.009092     -0.000000      0.000000
      4.55010      3.69508      0.00000        -0.009092     -0.000000      0.000000
      2.63569      1.23169      3.50155         0.009092     -0.000000      0.000000
 -----------------------------------------------------------------------------------
    total drift:                                0.001014     -0.000075     -0.000630
